2.9915 707.889
3.96499 706.265
4.0312 708.222
3.91434 708.548
4.90794 708.551
6.00318 700.998
6.31408 701.838
6.53099 702.239
6.86857 703.071
7.32278 703.835
7.67339 705.243
8.14488 705.894
8.79509 707.249
9.26028 707.66
9.85103 708.226
10.2906 708.534
10.9969 709.005
11.7162 709.496
12.1409 709.747
12.8994 710.177
14.0853 710.852
14.8333 711.287
15.2595 711.55
16.0155 711.973
16.7649 712.407
17.2005 712.657
17.9483 713.088
19.1253 713.784
19.8723 714.219
21.0539 714.907
21.8024 715.345
22.222 715.604
22.986 716.025
23.7467 716.451
24.1725 716.692
24.9335 717.116
26.1182 717.795
26.8653 718.233
28.0481 718.918
28.7921 719.358
29.2228 719.616
29.9749 720.043
30.7245 720.477
31.1598 720.726
31.907 721.159
33.087 721.85
33.8338 722.291
34.2494 722.553
35.0175 722.969
35.7731 723.402
36.1943 723.65
36.9599 724.071
37.7177 724.495
38.1498 724.74
38.9013 725.173
40.087 725.85
40.8338 726.291
41.2494 726.553
42.0175 726.969
42.7731 727.402
43.1943 727.65
43.9599 728.071
44.7177 728.495
45.1527 728.737
45.9 729.172
47.0813 729.862
47.8235 730.305
48.2514 730.565
49.0075 730.987
49.7514 731.428
50.1828 731.684
50.9342 732.114
52.1215 732.792
52.8679 733.231
53.2751 733.503
54.0497 733.912
54.8038 734.35
55.2218 734.599
55.9915 735.015
56.7442 735.446
57.1759 735.695
57.9277 736.127
59.116 736.804
59.8576 737.245
60.2784 737.515
61.0409 737.93
61.7824 738.377
62.2117 738.633
62.9665 739.057
63.7133 739.494
64.1453 739.749
64.8959 740.185
66.0831 740.854
66.8368 741.29
67.2476 741.548
68.024 741.958
68.7749 742.394
69.2049 742.643
69.96 743.069
70.7059 743.497
71.1399 743.761
71.8857 744.2
73.0756 744.872
73.816 745.317
74.2391 745.583
74.9998 746
75.7439 746.444
76.1746 746.697
76.9276 747.127
78.1068 747.81
78.8648 748.244
80.0576 748.899
80.808 749.335
81.2325 749.592
81.9935 750.011
82.737 750.447
83.1693 750.71
83.9174 751.143
85.1003 751.829
85.8449 752.271
86.2736 752.527
87.0342 752.942
87.7768 753.385
88.2025 753.646
88.9606 754.069
90.1353 754.759
90.8954 755.187
92.082 755.855
92.8369 756.289
93.2672 756.536
94.0281 756.952
94.7707 757.387
95.1975 757.659
95.9505 758.085
97.1301 758.778
97.8762 759.214
99.0597 759.898
99.8064 760.34
100.237 760.589
100.995 761.01
101.743 761.442
102.163 761.708
102.927 762.13
104.111 762.804
104.868 763.232
106.051 763.909
106.806 764.34
107.237 764.589
107.995 765.01
108.743 765.442
109.163 765.708
109.927 766.13
111.111 766.804
111.868 767.232
113.054 767.907
113.801 768.341
114.232 768.604
114.984 769.027
115.728 769.462
116.159 769.726
116.909 770.157
118.089 770.846
118.837 771.282
119.262 771.545
120.021 771.964
120.774 772.396
121.196 772.651
121.96 773.071
122.715 773.497
123.139 773.752
123.9 774.175
125.084 774.854
125.833 775.283
126.257 775.56
127.011 775.981
127.759 776.417
128.194 776.67
128.943 777.098
130.119 777.795
130.87 778.225
132.05 778.911
132.804 779.338
133.22 779.606
133.986 780.025
134.746 780.451
135.173 780.695
135.933 781.116
137.113 781.801
137.866 782.225
138.288 782.51
139.041 782.929
139.789 783.359
140.22 783.625
140.97 784.052
141.719 784.486
142.154 784.737
142.903 785.167
144.08 785.858
144.837 786.281
145.25 786.555
146.015 786.972
146.775 787.393
147.198 787.649
147.96 788.07
149.149 788.742
149.901 789.166
151.07 789.877
151.822 790.303
152.251 790.573
153 791
153.749 791.428
154.18 791.691
154.93 792.121
156.114 792.798
156.87 793.222
157.269 793.514
158.044 793.92
158.807 794.337
159.228 794.597
159.99 795.018
160.744 795.448
161.175 795.694
161.929 796.119
163.105 796.819
163.855 797.245
164.272 797.532
165.03 797.948
165.781 798.373
166.211 798.638
166.96 799.069
168.141 799.75
168.899 800.175
170.077 800.861
170.839 801.28
171.248 801.555
172.019 801.966
172.776 802.392
173.2 802.646
173.96 803.069
175.141 803.75
175.899 804.175
177.077 804.861
177.839 805.28
178.248 805.555
179.019 805.966
179.776 806.392
180.207 806.641
180.96 807.067
182.132 807.77
182.884 808.198
184.064 808.889
184.813 809.315
185.233 809.597
185.99 810.017
186.745 810.447
187.173 810.695
187.93 811.123
189.104 811.812
189.868 812.232
191.053 812.907
191.807 813.335
192.229 813.597
192.992 814.014
193.728 814.401
194.182 814.721
194.88 815.151
195.345 815.561
195.978 816.024
196.43 816.505
196.979 817.016
197.431 817.604
197.819 818.109
198.303 818.775
198.566 819.22
199.077 819.952
199.815 821.107
200.318 821.788
200.575 822.26
201.094 822.937
201.908 824.066
375.922 941.24
376.024 944.096
377.156 940.688
376.968 943.867
378.011 943.16
379.371 937.852
379.749 938.078
379.78 939.09
379.894 940.055
380.011 940.992
380.141 941.84
380.652 942.426
381.11 942.848
381.733 943.359
382.216 943.703
382.849 944.201
383.329 944.556
383.962 945.052
385.093 945.876
385.731 946.357
386.207 946.721
386.85 947.206
387.33 947.551
387.981 948.026
389.102 948.858
389.76 949.335
390.226 949.679
390.894 950.154
392.042 950.941
392.703 951.411
393.18 951.752
393.834 952.229
394.306 952.577
394.964 953.05
396.099 953.866
396.747 954.346
397.22 954.698
397.874 955.177
398.354 955.512
399.014 955.981
399.667 956.457
400.142 956.804
400.796 957.285
401.262 957.628
401.93 958.1
403.071 958.901
403.731 959.375
404.204 959.716
404.865 960.19
405.342 960.527
406.002 960.997
406.66 961.464
407.14 961.812
407.784 962.29
408.26 962.649
408.905 963.131
410.037 963.951
410.679 964.431
411.153 964.791
411.803 965.273
412.274 965.617
412.934 966.092
414.071 966.901
414.731 967.375
415.201 967.717
415.866 968.191
416.345 968.521
417.007 968.991
417.667 969.457
418.14 969.805
418.798 970.285
419.265 970.623
419.934 971.094
421.074 971.894
421.747 972.364
422.211 972.692
422.891 973.16
424.039 973.943
424.72 974.401
425.188 974.729
425.861 975.2
426.32 975.53
427.002 975.997
427.682 976.458
428.15 976.784
428.825 977.252
429.285 977.581
429.967 978.049
431.122 978.824
431.798 979.29
432.263 979.618
432.939 980.087
434.08 980.885
434.752 981.35
435.22 981.685
435.89 982.157
437.027 982.961
437.699 983.428
438.166 983.761
438.839 984.232
439.304 984.556
439.984 985.024
440.66 985.495
441.123 985.819
441.808 986.281
442.276 986.596
442.957 987.061
444.097 987.859
444.774 988.326
445.238 988.652
445.918 989.119
447.06 989.911
447.749 990.375
448.204 990.689
448.904 991.149
450.062 991.897
450.801 992.344
451.221 992.601
451.983 993.032
452.773 993.448
453.165 993.658
453.975 994.055
454.807 994.43
455.176 994.598
456.014 994.968
456.868 995.323
458.076 995.811
458.938 996.158
459.806 996.495
460.146 996.623
461.011 996.971
461.88 997.309
463.088 997.776
463.953 998.119
464.817 998.456
465.169 998.584
466.023 998.943
466.88 999.293
468.088 999.783
468.947 1000.13
469.812 1000.48
470.158 1000.6
471.019 1000.95
471.882 1001.29
473.091 1001.78
473.945 1002.13
474.797 1002.49
475.159 1002.63
476.003 1002.99
476.848 1003.35
478.059 1003.87
478.884 1004.24
480.099 1004.81
480.889 1005.21
482.092 1005.84
482.851 1006.26
484.038 1006.94
484.78 1007.37
485.229 1007.62
485.956 1008.07
487.139 1008.77
487.872 1009.21
489.051 1009.91
489.799 1010.34
490.243 1010.59
490.98 1011.03
491.729 1011.46
492.172 1011.71
492.908 1012.15
494.087 1012.86
494.81 1013.3
495.269 1013.58
495.98 1014.03
496.683 1014.48
497.148 1014.78
497.84 1015.23
498.317 1015.55
498.987 1016.02
499.649 1016.49
500.129 1016.82
500.779 1017.3
501.26 1017.65
501.901 1018.13
503.019 1018.97
503.655 1019.46
504.136 1019.82
504.775 1020.3
505.253 1020.66
505.897 1021.14
507.014 1021.98
507.644 1022.46
508.131 1022.83
508.755 1023.31
509.241 1023.69
509.863 1024.17
510.359 1024.55
510.966 1025.04
512.062 1025.93
512.65 1026.41
513.15 1026.83
513.718 1027.32
514.215 1027.76
514.774 1028.25
515.27 1028.7
515.824 1029.2
516.321 1029.64
516.875 1030.14
517.38 1030.58
517.923 1031.08
518.428 1031.54
518.961 1032.04
519.993 1033.01
521.024 1033.97
521.568 1034.49
522.063 1034.93
522.629 1035.43
523.12 1035.86
523.698 1036.36
524.191 1036.77
524.773 1037.27
525.271 1037.68
525.846 1038.18
526.352 1038.6
526.908 1039.1
527.415 1039.54
527.956 1040.05
528.459 1040.5
528.991 1041.01
530.027 1041.97
530.586 1042.48
531.078 1042.91
531.664 1043.41
532.149 1043.81
532.756 1044.31
533.238 1044.69
533.862 1045.18
534.35 1045.54
534.975 1046.03
536.098 1046.87
536.754 1047.35
537.228 1047.68
537.893 1048.16
539.037 1048.94
539.734 1049.41
540.191 1049.71
540.896 1050.17
542.069 1050.89
542.809 1051.33
543.247 1051.57
543.995 1052.01
544.767 1052.44
545.186 1052.66
545.964 1053.07
546.785 1053.48
547.158 1053.65
548 1054
548.908 1054.3
550.084 1054.57
551.038 1054.72
552.016 1054.8
553.006 1054.84
554 1054.83
554.993 1054.79
555.986 1054.74
556.979 1054.67
557.973 1054.6
558.971 1054.54
561.026 1054.46
562.027 1054.39
563.027 1054.3
564.021 1054.19
565.007 1054.05
565.987 1053.91
566.963 1053.76
567.941 1053.61
569.064 1053.48
570.048 1053.35
571.03 1053.21
572.01 1053.07
572.986 1052.91
573.963 1052.76
574.941 1052.61
576.064 1052.48
577.048 1052.35
578.03 1052.21
579.01 1052.07
579.989 1051.92
580.97 1051.79
581.96 1051.66
582.958 1051.56
585.021 1051.48
586.012 1051.45
587.005 1051.44
588 1051.44
588.996 1051.45
589.994 1051.46
590.994 1051.47
591.995 1051.48
592.996 1051.49
593.998 1051.5
594.999 1051.5
600.016 1051.52
601.022 1051.58
602.027 1051.65
603.025 1051.75
604.016 1051.87
604.998 1052.01
605.975 1052.16
606.949 1052.32
607.923 1052.48
609.063 1052.64
610.032 1052.83
610.999 1053.01
611.964 1053.19
612.93 1053.37
614.088 1053.56
615.047 1053.76
616.009 1053.95
616.975 1054.13
617.946 1054.31
618.918 1054.48
620.064 1054.66
621.029 1054.85
621.991 1055.04
622.945 1055.25
623.895 1055.46
625.068 1055.72
626.009 1055.96
626.951 1056.2
627.893 1056.43
629.073 1056.72
630.009 1056.96
630.948 1057.2
631.887 1057.44
633.072 1057.73
634.001 1057.99
634.93 1058.25
636.135 1058.56
637.046 1058.85
637.954 1059.14
638.856 1059.44
639.172 1059.51
640.057 1059.84
640.942 1060.16
641.823 1060.48
642.159 1060.58
643.028 1060.93
643.903 1061.26
645.118 1061.7
645.987 1062.03
646.865 1062.36
648.075 1062.8
648.949 1063.14
649.832 1063.46
650.166 1063.56
651.038 1063.9
651.919 1064.22
653.132 1064.64
654.011 1064.97
654.905 1065.28
656.114 1065.67
657.005 1065.98
657.907 1066.28
659.118 1066.66
660.007 1066.98
660.897 1067.29
662.111 1067.71
662.98 1068.05
663.848 1068.39
665.058 1068.86
665.903 1069.22
667.121 1069.74
667.94 1070.13
669.157 1070.68
669.955 1071.09
670.76 1071.49
671.168 1071.67
671.959 1072.08
672.76 1072.48
673.169 1072.67
673.958 1073.08
674.755 1073.48
675.168 1073.68
675.953 1074.09
676.742 1074.5
677.161 1074.7
677.937 1075.12
679.137 1075.75
679.912 1076.16
681.106 1076.8
681.898 1077.2
683.098 1077.79
683.925 1078.17
685.135 1078.67
685.992 1079.02
686.874 1079.35
688.081 1079.77
688.973 1080.08
689.878 1080.38
691.081 1080.75
691.992 1081.03
692.928 1081.28
693.891 1081.5
694.114 1081.5
695.055 1081.7
696.021 1081.86
697.002 1081.98
697.991 1082.09
698.984 1082.18
699.978 1082.26
700.973 1082.34
701.968 1082.42
702.963 1082.49
704.043 1082.55
705.037 1082.66
706.027 1082.78
707.011 1082.92
707.992 1083.05
708.976 1083.18
709.966 1083.3
710.964 1083.39
711.965 1083.46
714.028 1083.56
715.025 1083.64
716.021 1083.72
717.016 1083.8
718.009 1083.89
719.002 1083.98
719.993 1084.07
720.981 1084.18
721.965 1084.29
722.946 1084.41
724.07 1084.52
725.045 1084.66
726.024 1084.78
727.011 1084.87
728.004 1084.93
729.001 1084.96
730 1084.99
731 1085.01
731.999 1085.03
732.998 1085.06
733.995 1085.11
734.988 1085.18
735.976 1085.26
736.959 1085.37
737.941 1085.48
739.055 1085.59
740.034 1085.71
741.018 1085.81
742.008 1085.89
743.003 1085.94
744.001 1085.97
745 1086
745.999 1086.02
746.998 1086.06
747.996 1086.1
748.991 1086.15
749.982 1086.23
750.968 1086.32
751.949 1086.43
753.072 1086.54
754.049 1086.72
755.019 1086.9
755.984 1087.09
756.947 1087.27
757.91 1087.46
759.069 1087.67
760.025 1087.88
760.985 1088.08
761.946 1088.27
762.91 1088.46
764.069 1088.66
765.027 1088.87
765.989 1089.06
766.955 1089.24
767.923 1089.41
769.079 1089.6
770.04 1089.8
771.002 1089.99
771.964 1090.18
772.924 1090.37
774.091 1090.59
775.042 1090.82
775.988 1091.05
776.929 1091.29
778.121 1091.56
779.046 1091.83
779.973 1092.1
780.9 1092.35
782.098 1092.68
783.013 1092.96
783.931 1093.23
785.136 1093.56
786.045 1093.85
786.96 1094.13
787.88 1094.4
789.077 1094.75
789.993 1095.02
790.917 1095.29
792.118 1095.6
793.034 1095.88
793.956 1096.15
794.88 1096.42
796.075 1096.75
796.992 1097.03
797.912 1097.3
799.117 1097.63
800.022 1097.93
800.918 1098.24
802.138 1098.65
802.994 1099.01
803.835 1099.37
804.229 1099.51
805.043 1099.91
805.854 1100.3
807.058 1100.88
807.858 1101.28
809.06 1101.88
809.855 1102.28
811.055 1102.89
811.85 1103.3
813.049 1103.9
813.849 1104.31
815.049 1104.9
815.852 1105.3
817.055 1105.89
817.857 1106.29
819.06 1106.88
819.859 1107.28
821.061 1107.88
821.86 1108.28
823.062 1108.88
823.859 1109.28
825.061 1109.88
825.852 1110.29
827.051 1110.91
827.827 1111.32
828.268 1111.52
829.018 1111.97
829.775 1112.4
830.217 1112.63
830.959 1113.07
832.147 1113.74
832.903 1114.17
834.095 1114.83
834.871 1115.25
836.07 1115.87
836.854 1116.28
838.053 1116.9
838.827 1117.32
839.268 1117.52
840.018 1117.97
840.775 1118.39
841.219 1118.63
841.958 1119.07
843.148 1119.75
843.895 1120.18
845.083 1120.86
845.836 1121.28
846.29 1121.51
847.021 1121.96
847.757 1122.41
848.212 1122.66
848.93 1123.11
850.101 1123.85
850.801 1124.3
851.273 1124.59
851.96 1125.06
853.115 1125.83
853.8 1126.29
854.276 1126.6
854.947 1127.08
856.094 1127.87
856.767 1128.34
857.24 1128.66
857.91 1129.13
859.055 1129.92
859.734 1130.39
860.204 1130.7
860.881 1131.17
862.028 1131.96
862.702 1132.43
863.174 1132.75
863.847 1133.22
864.327 1133.53
864.988 1134.02
865.663 1134.49
866.135 1134.81
866.809 1135.27
867.291 1135.59
867.952 1136.07
869.096 1136.87
869.73 1137.34
870.232 1137.72
870.835 1138.19
871.348 1138.6
871.913 1139.1
872.43 1139.54
872.964 1140.04
873.478 1140.5
873.99 1141.01
875.009 1141.99
876.033 1142.96
876.564 1143.48
877.069 1143.92
877.608 1144.43
878.113 1144.88
878.653 1145.38
879.158 1145.83
879.693 1146.33
880.197 1146.79
880.721 1147.29
881.224 1147.77
881.738 1148.27
882.239 1148.76
882.746 1149.26
883.247 1149.75
883.747 1150.25
884.248 1150.75
884.748 1151.25
885.25 1151.75
885.745 1152.25
886.249 1152.76
886.737 1153.25
887.242 1153.77
887.72 1154.26
888.224 1154.79
888.69 1155.28
889.19 1155.83
889.643 1156.32
890.141 1156.87
890.581 1157.37
891.082 1157.93
891.506 1158.43
892.014 1158.99
892.945 1160.05
893.452 1160.61
893.875 1161.11
894.376 1161.67
894.805 1162.17
895.301 1162.73
895.737 1163.23
896.229 1163.8
896.668 1164.3
897.159 1164.86
897.603 1165.36
898.098 1165.91
898.547 1166.42
899.05 1166.95
900.009 1167.99
900.969 1169.03
901.483 1169.57
901.92 1170.07
902.429 1170.63
902.853 1171.13
903.354 1171.7
903.765 1172.19
904.261 1172.79
904.657 1173.28
905.15 1173.88
905.528 1174.38
906.025 1174.98
906.896 1176.08
907.381 1176.69
907.775 1177.19
908.262 1177.78
908.674 1178.28
909.17 1178.85
909.597 1179.36
910.1 1179.91
910.544 1180.43
911.052 1180.95
911.507 1181.47
912.019 1181.98
912.995 1183
913.97 1184.03
914.48 1184.56
914.935 1185.06
915.432 1185.6
915.887 1186.1
916.378 1186.65
916.836 1187.15
917.326 1187.69
917.796 1188.19
918.289 1188.72
918.772 1189.23
919.268 1189.73
919.765 1190.24
920.26 1190.73
920.774 1191.24
921.266 1191.71
921.8 1192.22
922.289 1192.68
922.843 1193.18
923.333 1193.61
923.907 1194.11
924.407 1194.51
924.984 1195.02
926.068 1195.92
926.647 1196.42
927.149 1196.83
927.724 1197.32
928.223 1197.74
928.792 1198.24
929.292 1198.67
929.854 1199.16
930.36 1199.61
930.907 1200.1
931.42 1200.56
931.946 1201.06
932.468 1201.53
932.97 1202.03
933.495 1202.53
933.968 1203.03
934.49 1203.56
934.936 1204.06
935.447 1204.62
935.871 1205.11
936.371 1205.69
936.779 1206.18
937.266 1206.78
937.673 1207.28
938.163 1207.86
938.581 1208.37
939.08 1208.93
939.503 1209.44
940.012 1209.99
940.947 1211.04
941.461 1211.63
941.862 1212.11
942.357 1212.72
942.735 1213.2
943.223 1213.84
943.569 1214.32
944.059 1214.96
944.874 1216.09
945.35 1216.75
945.678 1217.23
946.155 1217.89
946.953 1219.03
947.431 1219.72
947.729 1220.17
948.192 1220.89
948.891 1222.06
949.297 1222.87
949.37 1270.05
949.244 1271.03
949.137 1272.02
949.059 1273
949.025 1274
949.052 1275
949.157 1275.98
949.346 1276.91
949.789 1224.07
950.06 1224.98
950.268 1225.95
950.429 1226.93
950.404 1264.08
950.211 1265.04
950.024 1266
949.843 1266.97
949.664 1267.94
949.712 1278.12
950.101 1278.95
950.554 1228.06
950.698 1229.04
950.843 1230.02
950.986 1231
951.122 1231.98
951.242 1232.97
951.339 1233.97
951.409 1234.97
951.454 1235.98
951.479 1236.99
951.494 1237.99
951.455 1259.09
951.257 1260.05
951.053 1261.01
950.841 1261.97
950.621 1262.91
950.762 1280.16
951.212 1280.85
951.507 1241.01
951.559 1242.02
951.637 1243.03
951.741 1244.03
951.863 1245.02
951.993 1246
952.12 1246.98
952.233 1247.97
952.325 1248.97
952.387 1249.98
952.416 1250.99
952.409 1252
952.367 1253.02
952.289 1254.02
952.174 1255.02
952.028 1256
951.856 1256.97
951.661 1257.93
951.535 1281.36
952.015 1281.99
952.478 1282.59
952.881 1283.11
953.342 1283.66
953.833 1284.19
954.287 1284.65
954.881 1285.17
955.324 1285.5
956.007 1285.99
956.762 1286.44
957.172 1286.67
957.957 1287.09
958.77 1287.48
959.159 1287.66
959.975 1288.06
960.807 1288.43
961.189 1288.58
962.013 1288.97
962.853 1289.34
964.062 1289.85
964.915 1290.21
966.127 1290.67
966.997 1291.01
967.893 1291.32
969.099 1291.7
970.002 1291.99
970.917 1292.27
972.123 1292.61
973.031 1292.9
973.946 1293.18
974.862 1293.45
975.161 1293.5
976.06 1293.81
976.968 1294.1
977.881 1294.38
979.083 1294.74
979.988 1295.04
980.902 1295.32
982.108 1295.67
983.011 1295.97
983.922 1296.25
985.131 1296.6
986.031 1296.9
986.941 1297.19
987.856 1297.47
988.154 1297.53
989.054 1297.83
989.963 1298.12
990.876 1298.4
992.076 1298.76
992.984 1299.05
993.901 1299.33
995.102 1299.67
996.016 1299.95
996.939 1300.21
997.868 1300.47
998.139 1300.52
999.057 1300.8
999.983 1301.06
1000.92 1301.31
1002.11 1301.6
1003.04 1301.85
1003.97 1302.1
1004.91 1302.34
1006.1 1302.63
1007.03 1302.9
1007.95 1303.16
1008.88 1303.42
1010.08 1303.75
1010.99 1304.02
1011.92 1304.28
1013.12 1304.57
1014.04 1304.84
1014.97 1305.1
1015.9 1305.35
1017.1 1305.65
1018.02 1305.92
1018.95 1306.18
1019.88 1306.43
1021.07 1306.75
1021.99 1307.02
1022.92 1307.29
1024.12 1307.62
1025.03 1307.91
1025.94 1308.18
1026.87 1308.45
1028.06 1308.78
1028.99 1309.05
1029.92 1309.3
1031.11 1309.6
1032.04 1309.88
1032.96 1310.14
1033.87 1310.41
1035.08 1310.78
1035.97 1311.09
1036.85 1311.41
1038.06 1311.85
1038.93 1312.19
1040.14 1312.66
1040.99 1313.02
1041.85 1313.37
1043.06 1313.86
1043.9 1314.23
1045.12 1314.72
1045.96 1315.09
1046.81 1315.45
1047.18 1315.59
1048.02 1315.96
1048.86 1316.33
1050.07 1316.84
1050.91 1317.21
1052.12 1317.71
1052.97 1318.08
1053.82 1318.43
1054.19 1318.56
1055.03 1318.93
1055.88 1319.28
1057.1 1319.78
1057.94 1320.14
1058.8 1320.49
1059.16 1320.63
1060 1320.99
1060.86 1321.35
1062.07 1321.84
1062.91 1322.21
1064.12 1322.72
1064.96 1323.1
1065.79 1323.47
1066.17 1323.62
1067 1324.01
1067.84 1324.37
1068.21 1324.51
1069.05 1324.89
1069.9 1325.25
1071.11 1325.74
1071.96 1326.1
1072.81 1326.45
1073.18 1326.59
1074.02 1326.96
1074.86 1327.33
1076.07 1327.85
1076.91 1328.22
1078.12 1328.72
1078.96 1329.09
1079.8 1329.45
1080.18 1329.6
1081.01 1329.98
1081.83 1330.36
1082.24 1330.52
1083.04 1330.93
1083.83 1331.33
1084.26 1331.52
1085.03 1331.94
1085.81 1332.35
1086.24 1332.57
1087 1333
1087.78 1333.42
1088.2 1333.63
1088.97 1334.05
1089.76 1334.47
1090.17 1334.67
1090.95 1335.09
1092.16 1335.7
1092.94 1336.11
1094.15 1336.71
1094.94 1337.11
1096.15 1337.71
1096.94 1338.11
1098.15 1338.72
1098.93 1339.13
1100.13 1339.76
1100.9 1340.18
1102.1 1340.82
1102.87 1341.25
1104.07 1341.88
1104.83 1342.31
1105.26 1342.53
1106.03 1342.96
1106.78 1343.39
1107.22 1343.63
1107.96 1344.07
1109.14 1344.76
1109.88 1345.2
1111.06 1345.89
1111.81 1346.32
1112.25 1346.58
1112.99 1347.02
1113.72 1347.46
1114.16 1347.73
1114.89 1348.18
1116.06 1348.9
1116.79 1349.35
1117.23 1349.61
1117.96 1350.06
1119.14 1350.76
1119.88 1351.2
1121.05 1351.91
1121.8 1352.35
1122.24 1352.59
1122.98 1353.03
1123.73 1353.47
1124.16 1353.72
1124.91 1354.15
1126.09 1354.85
1126.83 1355.29
1127.27 1355.55
1128 1355.99
1128.74 1356.44
1129.18 1356.7
1129.91 1357.14
1131.08 1357.87
1131.79 1358.32
1132.26 1358.61
1132.96 1359.07
1134.11 1359.83
1134.81 1360.28
1135.28 1360.58
1135.97 1361.05
1137.13 1361.8
1137.83 1362.26
1138.29 1362.55
1138.99 1363.01
1139.7 1363.47
1140.16 1363.75
1140.87 1364.21
1142.03 1364.96
1142.73 1365.41
1143.19 1365.71
1143.89 1366.17
1145.04 1366.94
1145.74 1367.4
1146.2 1367.7
1146.89 1368.16
1148.05 1368.92
1148.76 1369.37
1149.22 1369.66
1149.93 1370.11
1151.1 1370.84
1151.83 1371.28
1152.28 1371.55
1153 1372.01
1153.71 1372.46
1154.16 1372.74
1154.87 1373.19
1156.03 1373.95
1156.73 1374.41
1157.19 1374.71
1157.89 1375.17
1159.04 1375.94
1159.73 1376.4
1160.2 1376.71
1160.89 1377.17
1162.04 1377.94
1162.73 1378.4
1163.2 1378.7
1163.89 1379.17
1165.04 1379.94
1165.74 1380.4
1166.2 1380.7
1166.89 1381.16
1168.04 1381.93
1168.74 1382.39
1169.2 1382.7
1169.89 1383.17
1171.04 1383.94
1171.72 1384.4
1172.19 1384.72
1172.87 1385.19
1173.35 1385.51
1174.02 1385.98
1174.69 1386.45
1175.16 1386.77
1175.84 1387.24
1176.31 1387.56
1176.98 1388.03
1177.66 1388.49
1178.13 1388.81
1178.81 1389.27
1179.28 1389.61
1179.95 1390.07
1181.08 1390.9
1181.66 1391.36
1182.17 1391.83
1182.66 1392.3
1183.16 1392.86
1183.54 1393.35
1184.04 1393.97
1184.87 1395.09
1185.33 1395.78
1185.71 1396.23
1558.02 1411.96
1558 1412.99
1558 1413.81
1559.01 1410.99
1558.99 1412.02
1559.04 1412.89
1559.68 1411.23
1559.76 1412.28
1559.98 1413.03
1560.74 1413.41
1561.12 1413.76
1561.89 1414.19
1563.06 1414.89
1563.81 1415.33
1564.24 1415.57
1564.99 1416.01
1565.76 1416.44
1566.18 1416.67
1566.95 1417.1
1568.14 1417.75
1568.9 1418.18
1570.08 1418.85
1570.84 1419.28
1571.28 1419.52
1572.02 1419.96
1572.79 1420.39
1573.21 1420.61
1573.98 1421.04
1574.75 1421.46
1575.17 1421.68
1575.94 1422.1
1577.14 1422.75
1577.9 1423.18
1579.08 1423.85
1579.84 1424.28
1580.28 1424.52
1581.02 1424.97
1581.78 1425.4
1582.21 1425.63
1582.96 1426.07
1583.73 1426.49
1584.16 1426.72
1584.04 1595.89
1584.11 1599.34
1584.92 1427.15
1585.04 1599.12
1586.11 1427.81
1586.87 1428.23
1587.1 1592.96
1587.31 1593.86
1588.05 1428.9
1587.7 1596.3
1587.96 1597.07
1588.82 1429.33
1589.25 1429.56
1589.05 1597.91
1590 1429.99
1589.79 1598.37
1590.21 1598.61
1590.77 1430.42
1591.2 1430.64
1590.97 1599.06
1591.96 1431.07
1591.73 1599.5
1592.15 1599.72
1593.15 1431.73
1592.92 1600.15
1593.92 1432.15
1594.11 1600.8
1595.11 1432.81
1594.88 1601.23
1595.87 1433.23
1596.07 1601.86
1597.05 1433.9
1596.85 1602.29
1597.26 1602.51
1597.82 1434.33
1598.25 1434.56
1598.04 1602.92
1599 1434.99
1598.82 1603.34
1599.23 1603.57
1599.77 1435.42
1600.2 1435.64
1600.01 1603.98
1600.96 1436.07
1600.79 1604.4
1601.19 1604.63
1602.15 1436.73
1601.98 1605.04
1602.92 1437.15
1602.77 1605.45
1603.17 1605.66
1604.11 1437.81
1603.97 1606.07
1604.87 1438.24
1604.76 1606.47
1605.17 1606.68
1606.05 1438.91
1605.96 1607.09
1606.81 1439.34
1607.25 1439.57
1606.75 1607.48
1607.16 1607.7
1607.99 1440.02
1607.94 1608.11
1608.75 1440.44
1609.18 1440.68
1609.14 1608.75
1609.93 1441.12
1609.9 1609.18
1611.12 1441.79
1611.09 1609.85
1611.89 1442.21
1611.84 1610.29
1612.26 1610.54
1613.07 1442.86
1613.02 1610.96
1613.85 1443.28
1613.79 1611.4
1614.2 1611.62
1615.04 1443.94
1614.98 1612.04
1615.8 1444.36
1616.23 1444.58
1615.76 1612.45
1616.17 1612.67
1616.99 1445.02
1616.96 1613.07
1617.75 1445.45
1618.18 1445.69
1617.75 1613.48
1618.16 1613.69
1618.93 1446.12
1618.95 1614.1
1620.12 1446.79
1620.14 1614.73
1620.88 1447.21
1620.92 1615.15
1622.07 1447.87
1622.11 1615.79
1622.84 1448.29
1623.28 1448.51
1622.89 1616.21
1624.02 1448.96
1624.08 1616.84
1624.78 1449.38
1625.22 1449.62
1624.86 1617.26
1625.97 1450.06
1626.06 1617.89
1626.74 1450.48
1627.15 1450.71
1626.83 1618.31
1627.26 1618.53
1627.94 1451.12
1628.03 1618.95
1628.79 1451.5
1629.15 1451.65
1628.8 1619.37
1629.22 1619.6
1630.01 1451.96
1629.99 1620.03
1630.94 1452.21
1630.75 1620.45
1631.17 1620.69
1631.91 1452.41
1631.94 1621.12
1633.09 1452.59
1633.12 1621.78
1634.05 1452.74
1633.89 1622.2
1635.08 1622.84
1635.87 1623.25
1637.07 1623.87
1637.86 1624.27
1639.06 1624.88
1639.85 1625.28
1641.05 1625.9
1641.83 1626.31
1642.25 1626.53
1643.03 1626.95
1643.79 1627.37
1644.22 1627.6
1644.98 1628.03
1645.75 1628.46
1646.17 1628.69
1646.94 1629.12
1648.13 1629.77
1648.89 1630.19
1650.08 1630.84
1650.86 1631.25
1652.06 1631.89
1652.84 1632.3
1653.25 1632.53
1654.03 1632.95
1654.81 1633.36
1655.22 1633.59
1656 1634.01
1656.78 1634.42
1657.19 1634.64
1657.97 1635.05
1658.76 1635.46
1659.17 1635.67
1659.96 1636.08
1660.75 1636.49
1661.16 1636.7
1661.94 1637.11
1663.14 1637.75
1663.9 1638.17
1665.08 1638.85
1665.84 1639.28
1666.27 1639.53
1667.02 1639.97
1667.79 1640.39
1668.2 1640.62
1668.98 1641.04
1669.77 1641.45
1670.17 1641.66
1670.96 1642.07
1671.76 1642.48
1672.16 1642.68
1672.96 1643.08
1673.74 1643.49
1674.15 1643.7
1674.94 1644.11
1676.13 1644.75
1676.91 1645.17
1678.1 1645.81
1678.88 1646.23
1680.07 1646.87
1680.85 1647.28
1682.04 1647.92
1682.81 1648.34
1683.25 1648.56
1684.01 1648.99
1684.77 1649.41
1685.2 1649.64
1685.96 1650.07
1686.73 1650.5
1687.15 1650.73
1687.91 1651.16
1689.1 1651.81
1689.87 1652.23
1691.07 1652.88
1691.83 1653.3
1692.27 1653.53
1693.02 1653.96
1693.78 1654.39
1694.22 1654.63
1694.96 1655.07
1696.14 1655.76
1696.88 1656.21
1698.07 1656.89
1698.81 1657.33
1699.25 1657.57
1700 1658.01
1700.74 1658.45
1701.18 1658.7
1701.92 1659.14
1703.1 1659.83
1703.84 1660.28
1704.28 1660.52
1705.02 1660.96
1705.78 1661.39
1706.21 1661.64
1706.96 1662.07
1708.15 1662.74
1708.9 1663.17
1710.09 1663.85
1710.83 1664.29
1711.27 1664.53
1712.02 1664.97
1712.77 1665.4
1713.21 1665.65
1713.95 1666.08
1715.13 1666.78
1715.87 1667.22
1717.05 1667.91
1717.79 1668.35
1718.23 1668.6
1718.98 1669.04
1719.73 1669.47
1720.16 1669.72
1720.91 1670.16
1722.09 1670.85
1722.83 1671.29
1723.27 1671.55
1724.01 1671.99
1724.75 1672.42
1725.19 1672.68
1725.93 1673.11
1727.12 1673.8
1727.86 1674.23
1729.04 1674.93
1729.78 1675.36
1730.22 1675.62
1730.96 1676.07
1732.14 1676.77
1732.88 1677.21
1734.06 1677.9
1734.81 1678.33
1735.24 1678.58
1735.99 1679.02
1736.74 1679.45
1737.18 1679.69
1737.93 1680.12
1739.11 1680.8
1739.86 1681.23
1741.04 1681.93
1741.79 1682.36
1742.23 1682.62
1742.96 1683.06
1743.71 1683.5
1744.15 1683.75
1744.89 1684.19
1746.07 1684.87
1746.82 1685.3
1747.26 1685.56
1748 1686
1748.74 1686.43
1749.18 1686.69
1749.92 1687.13
1751.1 1687.83
1751.85 1688.26
1752.29 1688.51
1753.03 1688.95
1753.78 1689.38
1754.22 1689.63
1754.96 1690.07
1756.13 1690.77
1756.88 1691.2
1758.06 1691.9
1758.81 1692.33
1759.24 1692.58
1759.99 1693.02
1760.75 1693.45
1761.18 1693.69
1761.93 1694.12
1763.11 1694.8
1763.87 1695.23
1765.05 1695.91
1765.8 1696.34
1766.24 1696.59
1766.99 1697.02
1767.73 1697.46
1768.17 1697.71
1768.91 1698.15
1770.09 1698.84
1770.83 1699.28
1771.27 1699.54
1772.01 1699.98
1772.76 1700.41
1773.2 1700.66
1773.95 1701.09
1775.13 1701.78
1775.87 1702.22
1777.05 1702.91
1777.8 1703.35
1778.23 1703.6
1778.99 1704.02
1779.75 1704.45
1780.17 1704.69
1780.93 1705.12
1782.12 1705.79
1782.87 1706.23
1784.05 1706.91
1784.8 1707.35
1785.23 1707.59
1785.99 1708.02
1786.75 1708.45
1787.18 1708.68
1787.94 1709.1
1789.14 1709.76
1789.9 1710.19
1791.08 1710.85
1791.84 1711.29
1792.26 1711.53
1793.02 1711.96
1793.79 1712.39
1794.2 1712.62
1794.98 1713.04
1795.75 1713.46
1796.17 1713.69
1796.94 1714.11
1798.14 1714.75
1798.9 1715.19
1800.08 1715.86
1800.83 1716.29
1801.26 1716.54
1802.02 1716.97
1802.78 1717.4
1803.2 1717.64
1803.96 1718.06
1804.72 1718.49
1805.15 1718.73
1805.91 1719.16
1807.11 1719.81
1807.87 1720.24
1809.05 1720.9
1809.82 1721.33
1810.23 1721.57
1811.01 1721.99
1811.77 1722.42
1812.19 1722.65
1812.96 1723.07
1813.72 1723.49
1814.15 1723.73
1814.91 1724.16
1816.1 1724.82
1816.86 1725.25
1818.05 1725.91
1818.81 1726.34
1819.23 1726.59
1819.99 1727.01
1820.74 1727.45
1821.17 1727.69
1821.93 1728.12
1823.12 1728.79
1823.88 1729.22
1825.08 1729.86
1825.85 1730.29
1826.26 1730.52
1827.04 1730.93
1827.8 1731.36
1828.22 1731.6
1828.99 1732.02
1829.74 1732.45
1830.17 1732.69
1830.93 1733.12
1832.12 1733.79
1832.88 1734.22
1834.08 1734.86
1834.85 1735.28
1835.27 1735.51
1836.04 1735.92
1836.8 1736.35
1837.23 1736.59
1837.99 1737.01
1838.74 1737.45
1839.17 1737.7
1839.93 1738.13
1841.11 1738.81
1841.87 1739.24
1843.06 1739.89
1843.82 1740.32
1844.25 1740.55
1845.01 1740.97
1845.77 1741.4
1846.2 1741.65
1846.96 1742.07
1847.72 1742.5
1848.14 1742.74
1848.91 1743.17
1850.09 1743.83
1850.86 1744.25
1852.06 1744.9
1852.82 1745.32
1853.25 1745.55
1854.02 1745.97
1854.77 1746.4
1855.2 1746.65
1855.96 1747.08
1857.14 1747.75
1857.9 1748.18
1859.08 1748.85
1859.84 1749.28
1860.27 1749.53
1861.03 1749.95
1861.79 1750.37
1862.22 1750.61
1862.98 1751.03
1863.75 1751.45
1864.17 1751.69
1864.94 1752.11
1866.13 1752.77
1866.89 1753.19
1868.08 1753.86
1868.84 1754.28
1869.27 1754.53
1870.03 1754.95
1870.79 1755.38
1871.22 1755.62
1871.98 1756.04
1872.74 1756.46
1873.17 1756.7
1873.93 1757.13
1875.12 1757.8
1875.87 1758.23
1877.05 1758.91
1877.81 1759.34
1878.23 1759.58
1879 1760.01
1879.77 1760.42
1880.19 1760.65
1880.97 1761.06
1881.76 1761.46
1882.16 1761.68
1882.96 1762.08
1883.76 1762.48
1884.16 1762.68
1884.96 1763.08
1885.76 1763.48
1886.16 1763.68
1886.96 1764.08
1887.76 1764.48
1888.16 1764.68
1888.96 1765.08
1889.76 1765.48
1890.16 1765.68
1890.96 1766.08
1891.76 1766.48
1892.16 1766.68
1892.96 1767.08
1893.77 1767.47
1894.16 1767.68
1894.97 1768.07
1895.78 1768.46
1896.16 1768.65
1896.98 1769.03
1897.81 1769.41
1898.18 1769.6
1899.01 1769.98
1899.83 1770.36
1900.21 1770.54
1901.04 1770.92
1901.85 1771.31
1902.24 1771.5
1903.05 1771.89
1903.86 1772.29
1905.06 1772.88
1905.86 1773.28
1907.06 1773.88
1907.86 1774.28
1909.06 1774.88
1909.86 1775.28
1911.06 1775.88
1911.86 1776.28
1913.06 1776.88
1913.86 1777.28
1915.06 1777.88
1915.86 1778.28
1917.06 1778.88
1917.86 1779.28
1919.06 1779.88
1919.86 1780.28
1921.06 1780.88
1921.86 1781.28
1923.06 1781.88
1923.86 1782.28
1925.06 1782.88
1925.86 1783.28
1927.06 1783.88
1927.86 1784.28
1929.06 1784.88
1929.86 1785.28
1931.06 1785.88
1931.86 1786.28
1933.05 1786.9
1933.85 1787.3
1934.23 1787.51
1935.05 1787.91
1935.85 1788.3
1936.23 1788.5
1937.05 1788.9
1937.85 1789.3
1939.05 1789.89
1939.86 1790.28
1941.06 1790.88
1941.86 1791.28
1943.06 1791.88
1943.86 1792.28
1945.06 1792.88
1945.86 1793.28
1947.06 1793.88
1947.86 1794.28
1949.06 1794.88
1949.86 1795.28
1951.06 1795.88
1951.86 1796.28
1953.06 1796.88
1953.86 1797.28
1955.06 1797.88
1955.86 1798.28
1957.06 1798.88
1957.86 1799.28
1959.06 1799.88
1959.86 1800.28
1961.06 1800.88
1961.86 1801.28
1963.06 1801.88
1963.86 1802.28
1965.06 1802.88
1965.86 1803.28
1967.06 1803.87
1967.87 1804.28
1969.07 1804.86
1969.88 1805.25
1971.08 1805.82
1971.91 1806.21
1973.11 1806.76
1973.93 1807.15
1975.14 1807.71
1975.95 1808.11
1976.76 1808.49
1977.16 1808.69
1977.96 1809.09
1978.76 1809.48
1979.16 1809.68
1979.96 1810.08
1980.76 1810.48
1981.16 1810.68
1981.96 1811.08
1982.76 1811.48
1983.16 1811.68
1983.96 1812.08
1984.76 1812.48
1985.16 1812.68
1985.96 1813.08
1986.76 1813.48
1987.16 1813.68
1987.96 1814.08
1988.76 1814.48
1989.16 1814.68
1989.96 1815.08
1990.76 1815.48
1991.16 1815.68
1991.96 1816.08
1992.76 1816.48
1993.16 1816.68
1993.96 1817.09
1994.75 1817.49
1995.16 1817.69
1995.95 1818.1
1997.15 1818.73
1997.92 1819.14
1999.12 1819.78
1999.89 1820.2
2001.09 1820.84
2001.87 1821.25
2003.07 1821.87
2003.86 1822.27
2005.06 1822.88
2005.86 1823.28
2007.06 1823.88
2007.86 1824.28
2009.06 1824.88
2009.86 1825.28
2011.06 1825.88
2011.86 1826.28
2013.06 1826.89
2013.84 1827.3
2014.26 1827.51
2015.04 1827.93
2015.81 1828.35
2016.24 1828.58
2016.99 1829.01
2017.74 1829.44
2018.18 1829.69
2018.93 1830.13
2020.11 1830.8
2020.88 1831.22
2022.07 1831.86
2022.86 1832.27
2024.06 1832.87
2024.86 1833.28
2026.06 1833.88
2026.86 1834.28
2028.06 1834.88
2028.86 1835.28
2030.06 1835.88
2030.86 1836.29
2032.06 1836.88
2032.85 1837.29
2034.05 1837.9
2034.83 1838.32
2035.25 1838.53
2036.03 1838.94
2036.8 1839.37
2037.22 1839.59
2038 1840
2038.78 1840.43
2039.19 1840.64
2039.97 1841.05
2040.76 1841.47
2041.17 1841.67
2041.96 1842.08
2042.75 1842.48
2043.16 1842.69
2043.95 1843.1
2044.73 1843.5
2045.15 1843.72
2045.92 1844.14
2047.12 1844.8
2047.87 1845.23
2049.05 1845.92
2049.79 1846.35
2050.22 1846.61
2050.98 1847.04
2051.72 1847.48
2052.15 1847.73
2052.9 1848.16
2054.07 1848.88
2054.8 1849.32
2055.25 1849.59
2055.98 1850.04
2056.7 1850.49
2057.14 1850.76
2057.88 1851.2
2059.05 1851.92
2059.79 1852.35
2060.23 1852.62
2060.96 1853.06
2062.14 1853.77
2062.87 1854.21
2064.05 1854.92
2064.79 1855.35
2065.23 1855.62
2065.97 1856.06
2067.14 1856.75
2067.89 1857.19
2069.07 1857.88
2069.82 1858.31
2070.26 1858.56
2071 1859
2071.74 1859.44
2072.18 1859.7
2072.92 1860.14
2074.09 1860.85
2074.83 1861.29
2075.27 1861.56
2076 1862
2076.73 1862.44
2077.17 1862.72
2077.9 1863.16
2079.07 1863.89
2079.79 1864.34
2080.24 1864.61
2080.97 1865.05
2081.7 1865.5
2082.14 1865.76
2082.88 1866.2
2084.06 1866.9
2084.8 1867.34
2085.24 1867.59
2085.99 1868.02
2086.73 1868.46
2087.17 1868.71
2087.91 1869.15
2089.09 1869.85
2089.83 1870.29
2090.27 1870.55
2091.01 1870.99
2091.74 1871.43
2092.18 1871.7
2092.91 1872.14
2094.09 1872.85
2094.82 1873.3
2095.26 1873.57
2095.99 1874.02
2096.71 1874.46
2097.16 1874.74
2097.88 1875.19
2099.06 1875.9
2099.79 1876.35
2100.23 1876.61
2100.97 1877.05
2101.72 1877.48
2102.15 1877.74
2102.9 1878.17
2104.08 1878.86
2104.82 1879.3
2105.26 1879.55
2106 1880
2106.74 1880.43
2107.18 1880.7
2107.92 1881.14
2109.1 1881.84
2109.83 1882.29
2110.27 1882.55
2111.01 1882.99
2111.74 1883.43
2112.18 1883.7
2112.92 1884.14
2114.1 1884.84
2114.83 1885.28
2115.27 1885.55
2116.01 1885.99
2116.74 1886.43
2117.18 1886.69
2117.92 1887.14
2119.1 1887.84
2119.83 1888.28
2120.27 1888.54
2121.01 1888.99
2121.74 1889.43
2122.18 1889.7
2122.92 1890.14
2124.1 1890.84
2124.83 1891.28
2125.27 1891.54
2126.01 1891.99
2126.74 1892.43
2127.18 1892.69
2127.92 1893.14
2129.09 1893.84
2129.83 1894.29
2130.27 1894.55
2131 1894.99
2131.73 1895.44
2132.18 1895.7
2132.91 1896.15
2134.08 1896.87
2134.8 1897.32
2135.25 1897.6
2135.97 1898.05
2136.7 1898.49
2137.14 1898.76
2137.87 1899.21
2139.05 1899.92
2139.78 1900.36
2140.23 1900.63
2140.95 1901.08
2142.13 1901.8
2142.84 1902.25
2143.29 1902.52
2144.02 1902.97
2144.74 1903.42
2145.19 1903.69
2145.92 1904.14
2147.09 1904.85
2147.82 1905.29
2148.27 1905.56
2149 1906
2149.72 1906.45
2150.17 1906.73
2150.89 1907.18
2152.06 1907.9
2152.79 1908.35
2153.23 1908.62
2153.96 1909.06
2155.14 1909.77
2155.87 1910.22
2157.05 1910.92
2157.77 1911.37
2158.22 1911.64
2158.95 1912.08
2160.13 1912.79
2160.85 1913.24
2161.31 1913.51
2162.03 1913.96
2162.75 1914.41
2163.19 1914.68
2163.92 1915.13
2165.09 1915.84
2165.83 1916.29
2166.27 1916.55
2167 1917
2167.73 1917.44
2168.18 1917.71
2168.9 1918.16
2170.07 1918.89
2170.8 1919.33
2171.24 1919.6
2171.97 1920.05
2172.7 1920.5
2173.14 1920.77
2173.87 1921.21
2175.04 1921.93
2175.78 1922.36
2176.23 1922.64
2176.95 1923.08
2178.12 1923.81
2178.84 1924.26
2179.29 1924.54
2180.01 1924.98
2180.74 1925.42
2181.19 1925.69
2181.92 1926.14
2183.09 1926.85
2183.82 1927.29
2184.27 1927.57
2184.99 1928.02
2185.71 1928.46
2186.16 1928.74
2186.89 1929.18
2188.06 1929.91
2188.79 1930.35
2189.23 1930.62
2189.96 1931.07
2191.14 1931.78
2191.87 1932.22
2193.04 1932.94
2193.76 1933.39
2194.2 1933.67
2194.93 1934.12
2196.1 1934.83
2196.83 1935.27
2197.28 1935.54
2198.01 1935.99
2198.74 1936.43
2199.18 1936.7
2199.92 1937.14
2201.09 1937.84
2201.83 1938.29
2202.27 1938.55
2203 1938.99
2203.73 1939.44
2204.18 1939.71
2204.91 1940.15
2206.08 1940.87
2206.8 1941.32
2207.25 1941.61
2207.96 1942.06
2209.12 1942.8
2209.85 1943.25
2210.29 1943.53
2211.01 1943.98
2211.74 1944.42
2212.19 1944.69
2212.92 1945.13
2214.09 1945.84
2214.83 1946.29
2215.27 1946.55
2216 1946.99
2216.73 1947.44
2217.18 1947.71
2217.91 1948.15
2219.08 1948.87
2219.8 1949.32
2220.25 1949.59
2220.98 1950.04
2221.7 1950.49
2222.14 1950.76
2222.88 1951.21
2224.05 1951.91
2224.79 1952.36
2225.23 1952.62
2225.96 1953.06
2227.14 1953.77
2227.87 1954.22
2229.05 1954.92
2229.78 1955.36
2230.23 1955.63
2230.95 1956.07
2232.13 1956.8
2232.85 1957.25
2233.29 1957.53
2234.02 1957.97
2234.75 1958.42
2235.19 1958.69
2235.92 1959.13
2237.09 1959.84
2237.83 1960.29
2238.27 1960.56
2239 1961
2239.73 1961.44
2240.18 1961.71
2240.9 1962.16
2242.07 1962.88
2242.79 1963.33
2243.24 1963.61
2243.96 1964.06
2245.14 1964.79
2245.85 1965.24
2246.29 1965.53
2247.02 1965.97
2247.75 1966.42
2248.19 1966.69
2248.92 1967.13
2250.09 1967.84
2250.83 1968.29
2251.26 1968.56
2252.01 1968.99
2252.74 1969.43
2253.18 1969.7
2253.91 1970.14
2255.09 1970.85
2255.82 1971.3
2256.26 1971.56
2257 1972
2257.73 1972.45
2258.17 1972.72
2258.9 1973.17
2260.07 1973.88
2260.82 1974.32
2261.24 1974.57
2262 1974.99
2262.78 1975.42
2263.19 1975.64
2263.98 1976.05
2264.78 1976.44
2265.17 1976.65
2265.98 1977.03
2266.81 1977.41
2267.18 1977.6
2268.01 1977.98
2268.83 1978.36
2269.21 1978.54
2270.04 1978.92
2270.85 1979.31
2271.24 1979.5
2272.05 1979.89
2272.86 1980.29
2274.06 1980.88
2274.86 1981.27
2276.06 1981.87
2276.87 1982.26
2278.07 1982.85
2278.89 1983.23
2280.09 1983.8
2280.92 1984.18
2282.12 1984.74
2282.94 1985.12
2284.14 1985.7
2284.96 1986.09
2285.76 1986.49
2286.15 1986.68
2286.96 1987.08
2287.76 1987.48
2288.16 1987.68
2288.96 1988.07
2289.77 1988.47
2290.16 1988.66
2290.98 1989.05
2291.8 1989.44
2292.17 1989.62
2293 1990
2293.82 1990.38
2294.2 1990.56
2295.03 1990.94
2295.84 1991.33
2296.23 1991.51
2297.05 1991.9
2297.86 1992.29
2299.06 1992.88
2299.86 1993.28
2301.06 1993.87
2301.87 1994.28
2303.07 1994.86
2303.88 1995.25
2305.08 1995.82
2305.91 1996.21
2307.11 1996.76
2307.93 1997.15
2309.14 1997.71
2309.95 1998.11
2310.76 1998.49
2311.16 1998.69
2311.96 1999.09
2312.75 1999.49
2313.16 1999.69
2313.95 2000.09
2315.15 2000.72
2315.93 2001.13
2317.11 2001.8
2317.87 2002.23
2319.05 2002.91
2319.81 2003.34
2320.24 2003.59
2320.99 2004.02
2321.76 2004.44
2322.19 2004.66
2322.95 2005.08
2324.15 2005.73
2324.92 2006.15
2326.11 2006.81
2326.87 2007.23
2328.05 2007.91
2328.81 2008.34
2329.24 2008.58
2329.99 2009.02
2330.75 2009.44
2331.18 2009.68
2331.94 2010.12
2333.13 2010.77
2333.89 2011.19
2335.08 2011.85
2335.86 2012.26
2337.05 2012.92
2337.81 2013.34
2338.24 2013.58
2338.99 2014.01
2339.74 2014.44
2340.18 2014.7
2340.93 2015.13
2342.11 2015.81
2342.87 2016.23
2344.06 2016.88
2344.84 2017.3
2345.27 2017.52
2346.03 2017.95
2346.79 2018.37
2347.22 2018.6
2347.98 2019.03
2348.74 2019.46
2349.17 2019.7
2349.93 2020.13
2351.11 2020.8
2351.87 2021.23
2353.05 2021.9
2353.81 2022.34
2354.24 2022.57
2355 2022.99
2355.77 2023.42
2356.2 2023.64
2356.97 2024.06
2357.74 2024.48
2358.16 2024.71
2358.93 2025.13
2360.12 2025.8
2360.87 2026.23
2362.05 2026.91
2362.81 2027.35
2363.22 2027.59
2364 2028.01
2364.77 2028.43
2365.18 2028.65
2365.97 2029.06
2366.75 2029.47
2367.16 2029.69
2367.95 2030.1
2369.14 2030.73
2369.92 2031.15
2371.11 2031.79
2371.89 2032.2
2373.08 2032.84
2373.86 2033.26
2375.06 2033.89
2375.84 2034.3
2376.25 2034.52
2377.03 2034.94
2377.81 2035.36
2378.22 2035.59
2379 2036.01
2379.77 2036.42
2380.18 2036.65
2380.97 2037.06
2381.75 2037.47
2382.16 2037.69
2382.95 2038.1
2384.14 2038.73
2384.94 2039.12
2386.13 2039.7
2386.98 2040.06
2387.85 2040.4
2389.06 2040.83
2389.94 2041.16
2390.82 2041.48
2391.16 2041.57
2392.02 2041.94
2392.87 2042.3
2394.1 2042.82
2394.03 2047.46
2394.88 2043.23
2395.03 2047.45
2396.08 2043.89
2396.04 2047.45
2396.74 2044.35
2397.16 2044.89
2397.04 2047.48
2397.58 2045.33
2397.6 2046.14
